51.0697261794 7.11768841482
51.0697279615 7.11769040725
51.0697304441 7.11770499348
51.0697343716 7.11771160985
51.0697357385 7.11771372932
51.069742556 7.11772096449
51.0697443163 7.11772268061
51.0697443163 7.11772268061
51.0697480011 7.11772894289
51.0697491539 7.11773402776
51.0697530593 7.11773983886
51.0697567863 7.1177456249
51.0697626381 7.11775519642
51.0697649088 7.11775896047
51.0697649088 7.11775896047
51.0697672558 7.11776259972
51.0697766729 7.11777649793
51.0697765718 7.11777657584
51.069783129 7.1177867515
51.0697811445 7.11778828099
51.0697789662 7.11778995986
51.0697902595 7.11780785506
51.0697917194 7.11781139205
51.069791874 7.11781358466
51.0697985891 7.11781752988
51.069796754 7.11782119325
51.0697987063 7.11782415025
51.0697977277 7.11782711715
51.0697983266 7.11782885632
51.0698040342 7.11783741683
51.0698077393 7.11784297396
51.0698176062 7.1178634708
51.070133062 7.11648942037
51.070109025 7.11723747934
51.0701103755 7.11730818013
51.0701102412 7.11733154761
51.0701097989 7.11734685761
51.0701093679 7.11736174744
51.0701089411 7.11736565349
51.0701079674 7.1173907735
51.0701076692 7.11739439186
51.0701066998 7.11741500482
51.0701064585 7.11742164067
51.0701055451 7.11743499607
51.0701052653 7.11743832399
51.0701044304 7.11745423514
51.0701038884 7.11746062622
51.0701030349 7.11747300918
51.0701010899 7.11748311371
51.0701015344 7.11749400195
51.0701008793 7.11750275326
51.0701001926 7.1175140496
51.0700996619 7.11752236796
51.0700991781 7.11752793667
51.0700987998 7.11753336372
51.0700987756 7.11754843691
51.0700988616 7.11755570616
51.0700948812 7.11756359543
51.0700987757 7.11756772504
51.0700941474 7.11757830497
51.0700991534 7.11758587922
51.0700937236 7.11760118832
51.0700937236 7.11760118832
51.0700934198 7.11760361143
51.0700934198 7.11760361143
51.070093497 7.11761432247
51.070093497 7.11761432247
51.0700935676 7.117616388
51.0700935676 7.117616388
51.0700932133 7.11763322442
51.0700932133 7.11763322442
51.0700931022 7.11763533233
51.0700931022 7.11763533233
51.0700936467 7.11764289801
51.0700936467 7.11764289801
51.0700989146 7.11764859254
51.0700975339 7.11765348972
51.0700970707 7.11747760597
51.0700970707 7.11747760597
51.0700966104 7.11748084692
51.0700966104 7.11748084692
51.0700930438 7.11766636642
51.0700925711 7.11767043196
51.0700926387 7.11767221676
51.0700927059 7.11767399278
51.0700926197 7.11767405921
51.0700921887 7.11767439144
51.0700921024 7.11767445791
51.07008882 7.11767698778
51.0700885604 7.11767718785
51.0700882141 7.1176774547
51.0700754927 7.11753573853
51.070076321 7.11754555323
51.0700805031 7.11759571816
51.0700798829 7.11758929899
51.0700798829 7.11758929899
51.070079478 7.11758728647
51.07007938 7.11758736197
51.0700787921 7.11758781509
51.0700791463 7.11759676384
51.0700787584 7.11759706283
51.070076665 7.11760321156
51.0700766318 7.11760994789
51.0700766527 7.11761214452
51.0700783902 7.11761300616
51.0700775649 7.11762872166
51.0700776004 7.11763290058
51.0700773389 7.11763518869
51.0700774319 7.11763511699
51.0700772273 7.11763318809
51.0700776354 7.11763703578
51.0700774319 7.11763511699
51.0700726677 7.11759019774
51.0700712842 7.11759126405
51.0700707523 7.11758932336
51.070068721 7.11757160076
51.070069628 7.11755839258
51.0700699777 7.11756065378
51.0700708996 7.11755994326
51.0700762782 7.11760350964
51.0700750359 7.11758837256
51.0700753316 7.11758814466
51.0700756026 7.11758558513
51.0700757014 7.117585509
51.0700747764 7.11757426922
51.0700743905 7.11756723112
51.0700755775 7.11757365177
51.0700736345 7.11757997079
51.0700733041 7.11757782145
51.0700720687 7.11757635607
51.0700718679 7.11757651083
51.0700718326 7.11757410675
51.0700722695 7.11757620133
51.0700723699 7.11757612397
51.0700721346 7.11757387399
51.0700730991 7.1175851509
51.0700729998 7.1175852274
51.0700713291 7.1175744948
51.070070383 7.11757277888
51.070069114 7.11755878872
51.070068497 7.11755926429
51.0700682912 7.11755942287
51.0700685998 7.11755918501
51.0700689526 7.11756144385
51.0700679915 7.11755454814
51.0700679915 7.11755454814
51.0700685423 7.11756176005
51.0700678322 7.11755723117
51.0700667514 7.1175503384
51.0700667514 7.1175503384
51.0700658645 7.11754841642
51.0700658645 7.11754841642
51.0700657059 7.11754591784
51.0700657059 7.11754591784
51.0700658107 7.11754583707
51.0700658107 7.11754583707
51.0700649155 7.11754389061
51.0700649155 7.11754389061
51.0700652668 7.11753020073
51.0700652668 7.11753020073
51.0700613558 7.11753048284
51.0700613558 7.11753048284
51.0700655814 7.11752447733
51.0700655814 7.11752447733
51.0700656885 7.11752439473
51.0700656885 7.11752439473
51.0700656324 7.11752167263
51.0700656324 7.11752167263
51.0700650865 7.11751651212
51.0700650865 7.11751651212
51.0700645339 7.11751128839
51.0700645339 7.11751128839
51.0700635365 7.11750633786
51.0700635365 7.11750633786
51.0700632979 7.11750073151
51.0700632979 7.11750073151
51.0700407 7.11736974696
51.0700407 7.11736974696
51.0700407 7.11736974696
51.0700400003 7.11736242046
51.0700400003 7.11736242046
51.0700400003 7.11736242046
51.0700621152 7.11748383369
51.0700621152 7.11748383369
51.0700620165 7.11747474952
51.0700620165 7.11747474952
51.0700628091 7.11747413868
51.0700628091 7.11747413868
51.0700626267 7.11747118677
51.0700626267 7.11747118677
51.0700628987 7.11746786484
51.0700628987 7.11746786484
51.0700614254 7.11745954252
51.0700614254 7.11745954252
51.0700405078 7.11734185903
51.0700405078 7.11734185903
51.0700405078 7.11734185903
51.070035388 7.11729871236
51.070035388 7.11729871236
51.070035388 7.11729871236
51.0700713807 7.11744222628
51.0700693849 7.11743393002
51.0700676276 7.11744835431
51.0700673382 7.11745179179
51.0700654275 7.11744355788
51.0700387475 7.11730497815
51.0700387475 7.11730497815
51.07006665 7.11745868871
51.0700671589 7.11747385894
51.0700699881 7.11751553337
51.0700659966 7.11750155565
51.0700316011 7.11725524175
51.0700316011 7.11725524175
51.0700657822 7.11750747541
51.0700664894 7.11749827179
51.0700655447 7.11749017871
51.0700713254 7.1175468131
51.0700719174 7.11755152239
51.070071674 7.11754913475
51.0700717479 7.11755421329
51.0700569919 7.11741277344
51.0700569919 7.11741277344
51.0700691292 7.11755367132
51.0700678404 7.11755208943
51.0700662314 7.11755590473
51.0700627042 7.11755862325
51.0700627042 7.11755862325
51.0700642614 7.11755742303
51.0700629731 7.11756097626
51.0700269018 7.11723425682
51.0700269018 7.11723425682
51.0700616378 7.11757458674
51.0700617013 7.11757701104
51.0700605788 7.11757787613
51.0700439866 7.11735537248
51.0700439866 7.11735537248
51.0700439866 7.11735537248
51.0700482537 7.11746969433
51.0700482537 7.11746969433
51.0700409557 7.11734967028
51.0700409557 7.11734967028
51.0700409557 7.11734967028
51.0700466242 7.11746775662
51.0700466242 7.11746775662
51.0700456918 7.11746847522
51.0700456918 7.11746847522
51.0700362534 7.11734101479
51.0700362534 7.11734101479
51.0700362534 7.11734101479
51.0700356331 7.11733315435
51.0700356331 7.11733315435
51.0700356331 7.11733315435
51.0700324523 7.1173271425
51.0700324523 7.1173271425
51.0700324523 7.1173271425
51.0700334212 7.11733904378
51.0700334212 7.11733904378
51.0700334212 7.11733904378
51.0700336594 7.11734713731
51.0700336594 7.11734713731
51.0700336594 7.11734713731
51.0700336594 7.11734713731
51.0700392407 7.11747023288
51.0700392407 7.11747023288
51.0700322823 7.11734407537
51.0700322823 7.11734407537
51.0700322823 7.11734407537
51.0700293593 7.11732952636
51.0700293593 7.11732952636
51.0700293593 7.11732952636
51.0700280742 7.11732623753
51.0700280742 7.11732623753
51.0700280742 7.11732623753
51.070028013 7.11733056406
51.070028013 7.11733056406
51.070028013 7.11733056406
51.0700257751 7.11732800949
51.0700257751 7.11732800949
51.0700257751 7.11732800949
51.0700237905 7.11732522743
51.0700237905 7.11732522743
51.0700237905 7.11732522743
51.0700224307 7.11732627552
51.0700224307 7.11732627552
51.0700224307 7.11732627552
51.0700220225 7.11732659009
51.0700220225 7.11732659009
51.0700220225 7.11732659009
51.0700225667 7.11732617068
51.0700225667 7.11732617068
51.0700225667 7.11732617068
51.0700220225 7.11732659009
51.0700220225 7.11732659009
51.0700220225 7.11732659009
51.0700205955 7.11731896848
51.0700205955 7.11731896848
51.0700205955 7.11731896848
51.0700208336 7.11732316221
51.0700208336 7.11732316221
51.0700208336 7.11732316221
51.0700188119 7.11732034309
51.0700188119 7.11732034309
51.0700188119 7.11732034309
51.0700165392 7.11730876116
51.0700165392 7.11730876116
51.0700165392 7.11730876116
51.0700150412 7.1173008546
51.0700150412 7.1173008546
51.0700150412 7.1173008546
51.0700144943 7.11729669277
51.0700144943 7.11729669277
51.0700144943 7.11729669277
51.070007003 7.11729319201
51.070007003 7.11729319201
51.070007003 7.11729319201
51.0699881929 7.11716071839
51.0699881929 7.11716071839
51.0699881929 7.11716071839
51.0699881929 7.11716071839
51.0700135101 7.11729745126
51.0700135101 7.11729745126
51.0700135101 7.11729745126
51.0700119777 7.11727993698
51.0700119777 7.11727993698
51.0700119777 7.11727993698
51.0700136608 7.11729271598
51.0700136608 7.11729271598
51.0700136608 7.11729271598
51.0700112652 7.11727091534
51.0700112652 7.11727091534
51.0700112652 7.11727091534
51.0700109778 7.11728070765
51.0700109778 7.11728070765
51.0700109778 7.11728070765
51.0700104084 7.11728587547
51.0700104084 7.11728587547
51.0700104084 7.11728587547
51.0700131042 7.11728848968
51.0700131042 7.11728848968
51.0700131042 7.11728848968
51.0700095539 7.11728653406
51.0700095539 7.11728653406
51.0700095539 7.11728653406
51.0700085475 7.11728258077
51.0700085475 7.11728258077
51.0700085475 7.11728258077
51.0700073893 7.11727870694
51.0700073893 7.11727870694
51.0700073893 7.11727870694
51.0700023233 7.11727780711
51.0700023233 7.11727780711
51.0700023233 7.11727780711
51.0699730425 7.11737717886
51.0699730425 7.11737717886
51.0699730425 7.11737717886
51.0700052904 7.11726087501
51.0700052904 7.11726087501
51.0700052904 7.11726087501
51.0700043626 7.11725162852
51.0700043626 7.11725162852
51.0700043626 7.11725162852
51.0700042154 7.11725174192
51.0700042154 7.11725174192
51.0700042154 7.11725174192
51.0699982242 7.1172613605
51.0699982242 7.1172613605
51.0699982242 7.1172613605
51.0699977318 7.11725673906
51.0699977318 7.11725673906
51.0699977318 7.11725673906
51.0699972891 7.11725708028
51.0699972891 7.11725708028
51.0699972891 7.11725708028
51.0699976362 7.11726181365
51.0699976362 7.11726181365
51.0699976362 7.11726181365
51.0700052452 7.11725094823
51.0700052452 7.11725094823
51.0700052452 7.11725094823
51.0700046059 7.11724131635
51.0700046059 7.11724131635
51.0700046059 7.11724131635
51.069984629 7.11716933443
51.069984629 7.11716933443
51.069984629 7.11716933443
51.069984629 7.11716933443
51.0699836998 7.11744772312
51.0699836998 7.11744772312
51.0699841685 7.11745101374
51.0699841685 7.11745101374
51.0699912832 7.11722553296
51.0699912832 7.11722553296
51.0699912832 7.11722553296
51.0699780629 7.11713219791
51.0699780629 7.11713219791
51.0699780629 7.11713219791
51.0699818162 7.11744549759
51.0699818162 7.11744549759
51.0699893478 7.11721086479
51.0699893478 7.11721086479
51.0699893478 7.11721086479
51.0699797617 7.11744708108
51.0699797617 7.11744708108
51.0699791193 7.11744757614
51.0699791193 7.11744757614
51.0699780913 7.11744836844
51.0699780913 7.11744836844
51.0699766773 7.11744945828
51.0699766773 7.11744945828
51.0699801159 7.1171490222
51.0699801159 7.1171490222
51.0699801159 7.1171490222
51.0699661317 7.11706249813
51.0699661317 7.11706249813
51.0699661317 7.11706249813
51.0699675822 7.11707515075
51.0699675822 7.11707515075
51.0699675822 7.11707515075
51.0699861651 7.11720783969
51.0699861651 7.11720783969
51.0699861651 7.11720783969
51.0699847104 7.11719786397
51.0699847104 7.11719786397
51.0699847104 7.11719786397
51.0699848665 7.11719774366
51.0699848665 7.11719774366
51.0699848665 7.11719774366
51.0699854408 7.1172028731
51.0699854408 7.1172028731
51.0699854408 7.1172028731
51.0699849745 7.11720323252
51.0699849745 7.11720323252
51.0699849745 7.11720323252
51.069984819 7.11720335235
51.069984819 7.11720335235
51.069984819 7.11720335235
51.0699846636 7.11720347218
51.0699846636 7.11720347218
51.0699846636 7.11720347218
51.0699834612 7.11719882671
51.0699834612 7.11719882671
51.0699834612 7.11719882671
51.0699812153 7.11718355118
51.0699812153 7.11718355118
51.0699812153 7.11718355118
51.0699820424 7.1171771461
51.0699820424 7.1171771461
51.0699820424 7.1171771461
51.0699818836 7.11717726852
51.0699818836 7.11717726852
51.0699818836 7.11717726852
51.0699585455 7.11744465525
51.0699585455 7.11744465525
51.0699573148 7.11744176814
51.0699573148 7.11744176814
51.0699556779 7.11743916664
51.0699556779 7.11743916664
51.0699670156 7.11710236233
51.0699670156 7.11710236233
51.0699670156 7.11710236233
51.0699666767 7.11710262355
51.0699666767 7.11710262355
51.0699666767 7.11710262355
51.0699736172 7.11715403103
51.0699736172 7.11715403103
51.0699736172 7.11715403103
51.0699744261 7.11715943428
51.0699744261 7.11715943428
51.0699744261 7.11715943428
51.0699750667 7.1171649141
51.0699750667 7.1171649141
51.0699750667 7.1171649141
51.0699749055 7.11716503837
51.0699749055 7.11716503837
51.0699749055 7.11716503837
51.0699750667 7.1171649141
51.0699750667 7.1171649141
51.0699750667 7.1171649141
51.0699750667 7.1171649141
51.0699732918 7.11715428178
51.0699732918 7.11715428178
51.0699732918 7.11715428178
51.0699734545 7.1171541564
51.0699734545 7.1171541564
51.0699734545 7.1171541564
51.0699731291 7.11715440717
51.0699731291 7.11715440717
51.0699731291 7.11715440717
51.0699716569 7.11714946117
51.0699716569 7.11714946117
51.0699716569 7.11714946117
51.0699704998 7.11714421771
51.0699704998 7.11714421771
51.0699704998 7.11714421771
51.0699678223 7.11713384386
51.0699678223 7.11713384386
51.0699678223 7.11713384386
51.0699600476 7.11708774608
51.0699600476 7.11708774608
51.0699600476 7.11708774608
51.0699602804 7.11709429127
51.0699602804 7.11709429127
51.0699602804 7.11709429127
51.0699614184 7.1171066763
51.0699614184 7.1171066763
51.0699614184 7.1171066763
51.0699643854 7.11711740783
51.0699643854 7.11711740783
51.0699643854 7.11711740783
51.0699637128 7.11711792624
51.0699637128 7.11711792624
51.0699637128 7.11711792624
51.0699619136 7.11712573284
51.0699619136 7.11712573284
51.0699619136 7.11712573284
51.0699608525 7.11712013079
51.0699608525 7.11712013079
51.0699608525 7.11712013079
51.0699630557 7.11714376446
51.0699630557 7.11714376446
51.0699630557 7.11714376446
51.0699635941 7.11714954019
51.0699635941 7.11714954019
51.0699635941 7.11714954019
51.0699628903 7.11714389191
51.0699628903 7.11714389191
51.0699628903 7.11714389191
51.0699628903 7.11714389191
51.0699606849 7.11713934489
51.0699606849 7.11713934489
51.0699606849 7.11713934489
51.0699612363 7.11714516672
51.0699612363 7.11714516672
51.0699612363 7.11714516672
51.0699601863 7.11713972918
51.0699601863 7.11713972918
51.0699601863 7.11713972918
51.0699603525 7.11713960107
51.0699603525 7.11713960107
51.0699603525 7.11713960107
51.0699605744 7.11714567684
51.0699605744 7.11714567684
51.0699605744 7.11714567684
51.0699604089 7.11714580439
51.0699604089 7.11714580439
51.0699604089 7.11714580439
51.0699604089 7.11714580439
51.0699604089 7.11714580439
51.0699604089 7.11714580439
51.0699570507 7.11712948082
51.0699570507 7.11712948082
51.0699570507 7.11712948082
51.069956715 7.11712973953
51.069956715 7.11712973953
51.069956715 7.11712973953
51.0699557078 7.1171305158
51.0699557078 7.1171305158
51.0699557078 7.1171305158
51.0699533565 7.11713232808
51.0699533565 7.11713232808
51.0699533565 7.11713232808
51.0699533565 7.11713232808
51.0699533565 7.11713232808
51.0699533565 7.11713232808
51.0699542803 7.1171379774
51.0699542803 7.1171379774
51.0699542803 7.1171379774
51.0699514112 7.11712740755
51.0699514112 7.11712740755
51.0699514112 7.11712740755
51.0699499565 7.11712204957
51.0699499565 7.11712204957
51.0699499565 7.11712204957
51.0699492778 7.11712257268
51.0699492778 7.11712257268
51.0699492778 7.11712257268
51.0699472408 7.11712414267
51.0699472408 7.11712414267
51.0699472408 7.11712414267
51.0699433699 7.11712058691
51.0699433699 7.11712058691
51.0699433699 7.11712058691
51.0699435406 7.11712045531
51.0699435406 7.11712045531
51.0699435406 7.11712045531
51.0699403653 7.11710291595
51.0699403653 7.11710291595
51.0699403653 7.11710291595
51.0699390804 7.11713043213
51.0699390804 7.11713043213
51.0699390804 7.11713043213
51.0699365402 7.11711925059
51.0699365402 7.11711925059
51.0699365402 7.11711925059
51.0699355091 7.11712004532
51.0699355091 7.11712004532
51.0699355091 7.11712004532
51.0699361912 7.11712611974
51.0699361912 7.11712611974
51.0699361912 7.11712611974
51.069936867 7.11713213807
51.069936867 7.11713213807
51.069936867 7.11713213807
51.0699351645 7.11712691106
51.0699351645 7.11712691106
51.0699351645 7.11712691106
51.0699351645 7.11712691106
51.0699355043 7.11713318841
51.0699355043 7.11713318841
51.0699355043 7.11713318841
51.0699355043 7.11713318841
51.0699382293 7.11713108814
51.0699382293 7.11713108814
51.0699382293 7.11713108814
51.0699382293 7.11713108814
51.069938059 7.11713121936
51.069938059 7.11713121936
51.069938059 7.11713121936
51.069938059 7.11713121936
51.0699368755 7.11712559232
51.0699368755 7.11712559232
51.0699368755 7.11712559232
51.0699368755 7.11712559232
51.0699372077 7.11713187555
51.0699372077 7.11713187555
51.0699372077 7.11713187555
51.069935849 7.11712638348
51.069935849 7.11712638348
51.069935849 7.11712638348
51.0699313975 7.11712981446
51.0699313975 7.11712981446
51.0699313975 7.11712981446
51.0699300267 7.11713087097
51.0699300267 7.11713087097
51.0699300267 7.11713087097
51.0699295125 7.11713126726
51.0699295125 7.11713126726
51.0699295125 7.11713126726
51.0699288268 7.11713179573
51.0699288268 7.11713179573
51.0699288268 7.11713179573
51.0699288268 7.11713179573
51.0699288268 7.11713179573
51.0699288268 7.11713179573
51.0699286554 7.11713192787
51.0699286554 7.11713192787
51.0699286554 7.11713192787
51.0699283125 7.11713219215
51.0699283125 7.11713219215
51.0699283125 7.11713219215
51.0698712267 7.11737400429
51.0698712267 7.11737400429
51.069874381 7.11738122028
51.069874381 7.11738122028
51.0698737875 7.11738167773
51.0698737875 7.11738167773
51.069924367 7.11713523307
51.069924367 7.11713523307
51.069924367 7.11713523307
51.0699225958 7.11712999806
51.0699225958 7.11712999806
51.0699225958 7.11712999806
51.0699220783 7.11713039686
51.0699220783 7.11713039686
51.0699220783 7.11713039686
51.0698718584 7.11738316453
51.0698718584 7.11738316453
51.0698715616 7.11738339328
51.0698715616 7.11738339328
51.0698688903 7.11738545214
51.0698688903 7.11738545214
51.0698668124 7.11738705359
51.0698668124 7.11738705359
51.0698668503 7.11738222007
51.0698668503 7.11738222007
51.0698643734 7.11737440477
51.0698643734 7.11737440477
51.06986212 7.11737614147
51.06986212 7.11737614147
51.0698619698 7.11737625726
51.0698619698 7.11737625726
51.0698631716 7.117375331
51.0698631716 7.117375331
51.0698625707 7.11737579413
51.0698625707 7.11737579413
51.0698607821 7.11737225181
51.0698607821 7.11737225181
51.069859877 7.11737294934
51.069859877 7.11737294934
51.069858972 7.11737364688
51.069858972 7.11737364688
51.0698585195 7.11737399565
51.0698585195 7.11737399565
51.069856106 7.1173758558
51.069856106 7.1173758558
51.069822557 7.11728245805
51.069822557 7.11728245805
51.0698567071 7.11737043186
51.0698567071 7.11737043186
51.0698545866 7.11737206613
51.0698545866 7.11737206613
51.069849134 7.11737626861
51.069849134 7.11737626861
51.0698488311 7.11737650208
51.0698488311 7.11737650208
51.0698482252 7.11737696902
51.0698482252 7.11737696902
51.0698527691 7.11737346696
51.0698527691 7.11737346696
51.0698510779 7.11736976949
51.0698510779 7.11736976949
51.0698496783 7.11736580653
51.0698496783 7.11736580653
51.069846166 7.1173685135
51.069846166 7.1173685135
51.0698475404 7.11736745425
51.0698475404 7.11736745425
51.0698458606 7.11736874888
51.0698458606 7.11736874888
51.0698455552 7.11736898427
51.0698455552 7.11736898427
51.0698445872 7.11736464745
51.0698445872 7.11736464745
51.069846166 7.1173685135
51.069846166 7.1173685135
51.0698444338 7.11736476563
51.0698444338 7.11736476563
51.0698444338 7.11736476563
51.0698436672 7.11736535651
51.0698436672 7.11736535651
51.0698436672 7.11736535651
51.0698416739 7.11736689279
51.0698416739 7.11736689279
51.0698416739 7.11736689279
51.069840294 7.11736795634
51.069840294 7.11736795634
51.069839374 7.11736866535
51.069839374 7.11736866535
51.069839374 7.11736866535
51.0698345879 7.11736206245
51.0698345879 7.11736206245
51.0698288688 7.11736647033
51.0698288688 7.11736647033
51.0698335058 7.11736289645
51.0698335058 7.11736289645
51.0698280961 7.11736706592
51.0698280961 7.11736706592
51.0698280961 7.11736706592
51.0698280961 7.11736706592
51.0698316509 7.11736432608
51.0698316509 7.11736432608
51.0698287503 7.11736135188
51.0698287503 7.11736135188
51.0698287503 7.11736135188
51.0698417944 7.11774895674
51.0698417944 7.11774895674
51.0698402233 7.11774274805
51.0698402233 7.11774274805
51.0698412625 7.11774194716
51.0698412625 7.11774194716
51.0698413967 7.11773934203
51.0698413967 7.11773934203
51.069841637 7.11773664067
51.069841637 7.11773664067
51.0698429984 7.11773559142
51.0698429984 7.11773559142
51.0698433509 7.11773278904
51.0698433509 7.11773278904
51.0698437715 7.11773246487
51.0698437715 7.11773246487
51.0698460292 7.1177281794
51.0698460292 7.1177281794
51.0698471917 7.11772728345
51.0698471917 7.11772728345
51.0698463402 7.11772280425
51.0698463402 7.11772280425
51.0698440251 7.1177167719
51.0698440251 7.1177167719
51.0698437914 7.11771166362
51.0698437914 7.11771166362
51.0698454071 7.11770506699
51.0698454071 7.11770506699
51.0698448036 7.11770283238
51.0698448036 7.11770283238
51.0698460058 7.11770190588
51.0698460058 7.11770190588
51.0698462244 7.11770173737
51.0698462244 7.11770173737
51.0698465566 7.11769603319
51.0698465566 7.11769603319
51.069847768 7.11769509957
51.069847768 7.11769509957
51.0698494208 7.11769382569
51.0698494208 7.11769382569
51.0698487146 7.11769162127
51.0698487146 7.11769162127
51.0698474006 7.11768708646
51.0698474006 7.11768708646
51.0698475751 7.11768415292
51.0698491389 7.11768294765
51.0698501055 7.1176793865
51.0698519339 7.11768079352
51.0698506292 7.11767614946
51.0698507458 7.11766745426
51.0698507458 7.11766745426
51.0698517697 7.11766666512
51.0698517697 7.11766666512
51.069836816 7.11740052555
51.069836816 7.11740052555
51.069836816 7.11740052555
51.0698589901 7.11767535513
51.0698517561 7.11765495051
51.0698533978 7.11765664392
51.0698546634 7.11765566847
51.0698546634 7.11765566847
51.0698543884 7.11764994447
51.0698543884 7.11764994447
51.0698646026 7.11767102947
51.0698646026 7.11767102947
51.0698661613 7.11767262728
51.0698661613 7.11767262728
51.0698676779 7.11766300973
51.0698676779 7.11766300973
51.0698624849 7.11765840673
51.0698624849 7.11765840673
51.0698172072 7.11734353865
51.0698172072 7.11734353865
51.0698172072 7.11734353865
51.0698178411 7.11734305006
51.0698178411 7.11734305006
51.0698178411 7.11734305006
51.06984892 7.11741033916
51.06984892 7.11741033916
51.0698511285 7.11740863695
51.0698511285 7.11740863695
51.0698502735 7.11741398786
51.0698502735 7.11741398786
51.0698162243 7.11733329333
51.0698162243 7.11733329333
51.0698162243 7.11733329333
51.069815245 7.11732847596
51.069815245 7.11732847596
51.069815245 7.11732847596
51.0698170236 7.11733267728
51.0698170236 7.11733267728
51.0698170236 7.11733267728
51.0698202186 7.11734121771
51.0698202186 7.11734121771
51.0698202186 7.11734121771
51.0698272283 7.11735727188
51.0698272283 7.11735727188
51.0698289055 7.11736123226
51.0698289055 7.11736123226
51.069824637 7.11734324423
51.069824637 7.11734324423
51.069834928 7.11737209201
51.069834928 7.11737209201
51.069834928 7.11737209201
51.0698246571 7.11733779682
51.0698246571 7.11733779682
51.0698262156 7.1173420276
51.0698262156 7.1173420276
51.0698262156 7.1173420276
51.0698299196 7.11734990061
51.0698299196 7.11734990061
51.069832372 7.11735330746
51.069832372 7.11735330746
51.0698346488 7.11735680576
51.0698346488 7.11735680576
51.0698346488 7.11735680576
51.0699147556 7.11716844044
51.0699147556 7.11716844044
51.0699147556 7.11716844044
51.0699147556 7.11716844044
51.0699150937 7.11716817989
51.0699150937 7.11716817989
51.0699150937 7.11716817989
51.0699150937 7.11716817989
51.0699171976 7.11717286202
51.0699171976 7.11717286202
51.0699171976 7.11717286202
51.0699171976 7.11717286202
51.0699205147 7.11718274291
51.0699205147 7.11718274291
51.0699205147 7.11718274291
51.0698343637 7.11734113403
51.0698343637 7.11734113403
51.0699191148 7.11717763116
51.0699191148 7.11717763116
51.0699191148 7.11717763116
51.069919848 7.1171832567
51.069919848 7.1171832567
51.069919848 7.1171832567
51.0699207406 7.11718870405
51.0699207406 7.11718870405
51.0699207406 7.11718870405
51.0698350567 7.11733521351
51.0698350567 7.11733521351
51.0698350567 7.11733521351
51.0698350567 7.11733521351
51.0699268082 7.11720210857
51.0699268082 7.11720210857
51.0699268082 7.11720210857
51.0699268082 7.11720210857
51.0699268401 7.11720800504
51.0699268401 7.11720800504
51.0699268401 7.11720800504
51.0699268401 7.11720800504
51.0699261884 7.11720850732
51.0699261884 7.11720850732
51.0699261884 7.11720850732
51.0699261884 7.11720850732
51.0699284935 7.11721259991
51.0699284935 7.11721259991
51.0699284935 7.11721259991
51.0699284935 7.11721259991
51.0699319176 7.11722154656
51.0699319176 7.11722154656
51.0699319176 7.11722154656
51.0699319176 7.11722154656
51.0698465366 7.11735802028
51.0698465366 7.11735802028
51.0698465366 7.11735802028
51.0698465366 7.11735802028
51.0698501654 7.11737047277
51.0698501654 7.11737047277
51.0698501654 7.11737047277
51.0698501654 7.11737047277
51.0699287025 7.11722402455
51.0699287025 7.11722402455
51.0699287025 7.11722402455
51.0699287025 7.11722402455
51.0698501654 7.11737047277
51.0698501654 7.11737047277
51.0698501654 7.11737047277
51.0698501654 7.11737047277
51.0698540207 7.11738726545
51.0698540207 7.11738726545
51.0698540207 7.11738726545
51.0698540207 7.11738726545
51.0698856096 7.11745712007
51.0698856096 7.11745712007
51.0698856096 7.11745712007
51.0698853337 7.11745733271
51.0698853337 7.11745733271
51.0698853337 7.11745733271
51.0699377993 7.11723959195
51.0699377993 7.11723959195
51.0699377993 7.11723959195
51.0699374836 7.11723983528
51.0699374836 7.11723983528
51.0699396253 7.11725461949
51.0699396253 7.11725461949
51.0699402237 7.11725954466
51.0699402237 7.11725954466
51.0699400685 7.11725966431
51.0699400685 7.11725966431
51.0699402237 7.11725954466
51.0699402237 7.11725954466
51.0699405342 7.11725930539
51.0699405342 7.11725930539
51.0699408446 7.11725906614
51.0699408446 7.11725906614
51.0699495225 7.11765096063
51.0699505489 7.11765270027
51.0699501189 7.11765303168
51.0699509789 7.11765236888
51.0699402769 7.11728060497
51.0699402769 7.11728060497
51.0699424492 7.11727372095
51.0699424492 7.11727372095
51.0699426025 7.11727360279
51.0699426025 7.11727360279
51.0699537735 7.11765021503
51.0699543108 7.11764980087
51.0699543108 7.11764980087
51.0699545257 7.11764963522
51.0699545257 7.11764963522
51.0698708775 7.11742994965
51.0698708775 7.11742994965
51.0698708775 7.11742994965
51.0699566749 7.11764797882
51.0699566749 7.11764797882
51.0698704991 7.11742579687
51.0698704991 7.11742579687
51.0698704991 7.11742579687
51.069944427 7.11729278104
51.069944427 7.11729278104
51.069944427 7.11729278104
51.0699440849 7.11729808636
51.0699440849 7.11729808636
51.0699443441 7.11730288751
51.0699443441 7.11730288751
51.0699446012 7.11730765005
51.0699446012 7.11730765005
51.0699473276 7.11731535121
51.0699473276 7.11731535121
51.0699473276 7.11731535121
51.0699460442 7.11731145881
51.0699460442 7.11731145881
51.069945257 7.1173169471
51.069945257 7.1173169471
51.069945257 7.1173169471
51.069945257 7.1173169471
51.069942297 7.11731922841
51.069942297 7.11731922841
51.069942297 7.11731922841
51.069942297 7.11731922841
51.0699427412 7.11731888611
51.0699427412 7.11731888611
51.0699427412 7.11731888611
51.0699427412 7.11731888611
51.0699461978 7.11734005646
51.0699461978 7.11734005646
51.0699461978 7.11734005646
51.0699461978 7.11734005646
51.0699467283 7.11734430285
51.0699467283 7.11734430285
51.0699467283 7.11734430285
51.0699455715 7.11734519444
51.0699455715 7.11734519444
51.0699455715 7.11734519444
51.0699455715 7.11734519444
51.0699451376 7.11734552885
51.0699451376 7.11734552885
51.0699451376 7.11734552885
51.069944993 7.11734564033
51.069944993 7.11734564033
51.069944993 7.11734564033
51.069944993 7.11734564033
51.0699455337 7.11736348722
51.0699455337 7.11736348722
51.0699455337 7.11736348722
51.0699453912 7.11736359704
51.0699453912 7.11736359704
51.0699453912 7.11736359704
51.0699462461 7.11736293813
51.0699462461 7.11736293813
51.0699462461 7.11736293813
51.0699462461 7.11736293813
51.0699462461 7.11736293813
51.0699462461 7.11736293813
51.0699462461 7.11736293813
51.0699465311 7.11736271852
51.0699465311 7.11736271852
51.0699465311 7.11736271852
51.0699465311 7.11736271852
51.0699398058 7.11737238043
51.0699398058 7.11737238043
51.0699398058 7.11737238043
51.0699398058 7.11737238043
51.0699403482 7.11737640674
51.0699403482 7.11737640674
51.0699403482 7.11737640674
51.06993964 7.11737695257
51.06993964 7.11737695257
51.06993964 7.11737695257
51.06993964 7.11737695257
51.0699427552 7.1173745516
51.0699427552 7.1173745516
51.0699427552 7.1173745516
51.0699427552 7.1173745516
51.0699406314 7.11737618844
51.0699406314 7.11737618844
51.0699406314 7.11737618844
51.0699406314 7.11737618844
51.0699406314 7.11737618844
51.0699406314 7.11737618844
51.0699406314 7.11737618844
51.0699434911 7.11738711651
51.0699434911 7.11738711651
51.0699434911 7.11738711651
51.0699425451 7.11738350138
51.0699425451 7.11738350138
51.0699425451 7.11738350138
51.0699438721 7.11739113446
51.0699438721 7.11739113446
51.0699438721 7.11739113446
51.0699453618 7.11739426565
51.0699453618 7.11739426565
51.0699453618 7.11739426565
51.0699451272 7.11739016713
51.0699451272 7.11739016713
51.0699451272 7.11739016713
51.0699451272 7.11739016713
51.069939686 7.11739436083
51.069939686 7.11739436083
51.069939686 7.11739436083
51.0700066932 7.1176433834
51.0700066932 7.1176433834
51.0699402187 7.11739822965
51.0699402187 7.11739822965
51.0699402187 7.11739822965
51.0699402187 7.11739822965
51.0699400796 7.11739833684
51.0699400796 7.11739833684
51.0699400796 7.11739833684
51.0699400796 7.11739833684
51.0699404702 7.11740228322
51.0699404702 7.11740228322
51.0699404702 7.11740228322
51.0699404702 7.11740228322
51.069942447 7.117413314
51.069942447 7.117413314
51.069942447 7.117413314
51.069942447 7.117413314
51.069942447 7.117413314
51.069942447 7.117413314
51.069942447 7.117413314
51.069942447 7.117413314
51.069942447 7.117413314
51.069942447 7.117413314
51.0699425841 7.11741320838
51.0699425841 7.11741320838
51.0699425841 7.11741320838
51.0699418988 7.11741373652
51.0699418988 7.11741373652
51.0699418988 7.11741373652
51.0699224764 7.11732470229
51.0699224764 7.11732470229
51.0699224764 7.11732470229
51.0699465488 7.11742243228
51.0699465488 7.11742243228
51.0699465488 7.11742243228
51.0699465488 7.11742243228
51.0699208788 7.11731597197
51.0699208788 7.11731597197
51.0699208788 7.11731597197
51.0699493552 7.11743228321
51.0699493552 7.11743228321
51.0699493552 7.11743228321
51.0699496231 7.11743207668
51.0699496231 7.11743207668
51.0699496231 7.11743207668
51.069950025 7.11743176691
51.069950025 7.11743176691
51.069950025 7.11743176691
51.069950159 7.11743166366
51.069950159 7.11743166366
51.069950159 7.11743166366
51.069950159 7.11743166366
51.0699565538 7.11743460083
51.0699565538 7.11743460083
51.0699565538 7.11743460083
51.0699565538 7.11743460083
51.0699588974 7.1174405484
51.0699588974 7.1174405484
51.0699588974 7.1174405484
51.0699590292 7.11744044678
51.0699590292 7.11744044678
51.0699590292 7.11744044678
51.0699585455 7.11744465525
51.0699585455 7.11744465525
51.0699585455 7.11744465525
51.0699594654 7.11744394631
51.0699594654 7.11744394631
51.0699594654 7.11744394631
51.0699594654 7.11744394631
51.0699620243 7.11744956448
51.0699620243 7.11744956448
51.0699620243 7.11744956448
51.0699774194 7.11755212582
51.0699774194 7.11755212582
51.0699788176 7.11755104815
51.0699788176 7.11755104815
51.0699801863 7.1175529893
51.0699801863 7.1175529893
51.0699838199 7.11755612483
51.0699838199 7.11755612483
51.0699838199 7.11755612483
51.0699838199 7.11755612483
51.0699851158 7.11756098844
51.0699851158 7.11756098844
51.0699851158 7.11756098844
51.0699851158 7.11756098844
51.0699841251 7.11755882994
51.0699841251 7.11755882994
51.0699843549 7.11755865277
51.0699843549 7.11755865277
51.0699852743 7.11755794423
51.0699852743 7.11755794423
51.0699891854 7.1175665105
51.0699891854 7.1175665105
51.0699911653 7.1175678354
51.0699911653 7.1175678354
51.0699922952 7.11756696454
51.0699922952 7.11756696454
51.0699936953 7.11756871886
51.0699936953 7.11756871886
51.0699962455 7.11757236866
51.0699962455 7.11757236866
51.0699971742 7.11757443504
51.0699971742 7.11757443504
51.069999816 7.11758064533
51.069999816 7.11758064533
51.0700006993 7.11757996455
51.0700006993 7.11757996455
51.070001803 7.11757911387
51.070001803 7.11757911387
51.0700042297 7.11757724359
51.0700042297 7.11757724359
51.0700045604 7.11757698868
51.0700045604 7.11757698868
51.0700044374 7.11757435121
51.0700044374 7.11757435121
51.070004868 7.1175712706
51.070004868 7.1175712706
51.0700065304 7.1175699894
51.0700065304 7.1175699894
51.0700097316 7.11757841875
51.0700097316 7.11757841875
51.0700115674 7.11758500731
51.0700115674 7.11758500731
51.0700131681 7.11758903081
51.0700131681 7.11758903081
51.0700138144 7.11758853275
51.0700138144 7.11758853275
51.0700152139 7.11758745408
51.0700152139 7.11758745408
51.0700160951 7.11758415403
51.0700160951 7.11758415403
51.070017605 7.11758299032
51.070017605 7.11758299032
51.0700197297 7.11758397365
51.0700197297 7.11758397365
51.0700206962 7.11758322876
51.0700206962 7.11758322876
51.0700218406 7.1175849523
51.0700218406 7.1175849523
51.0700218769 7.11758231878
51.0700218769 7.11758231878
51.0700237659 7.11758346843
51.0700237659 7.11758346843
51.070024621 7.11758280937
51.070024621 7.11758280937
51.0700255826 7.11758206825
51.0700255826 7.11758206825
51.0700305688 7.11758849644
51.0700305688 7.11758849644
51.0700305688 7.11758849644
51.0700318751 7.11759002039
51.0700318751 7.11759002039
51.0700318751 7.11759002039
51.0700326894 7.11759441062
51.070033942 7.11759344524
51.070035298 7.11759240013
51.070035298 7.11759240013
51.0700374863 7.11759071351
51.0700386316 7.11758983086
51.0700392559 7.11758934966
51.0700415585 7.11759006234
51.0700455302 7.11749963114
51.0700455302 7.11749963114
51.0700459773 7.11749627156
51.0700459773 7.11749627156
51.0700488079 7.11749710492
51.0700488079 7.11749710492
51.0700518414 7.11749776292
51.0700518414 7.11749776292
51.0700537327 7.11749928257
51.0700537327 7.11749928257
51.0700537327 7.11749928257
51.0700558096 7.11750358088
51.0700558096 7.11750358088
51.0700580596 7.1174989064
51.0700580596 7.1174989064
51.070059505 7.11749779246
51.070059505 7.11749779246
51.0700616147 7.11749616641
51.0700616147 7.11749616641
51.0700638957 7.11749734872
51.0700638957 7.11749734872
51.0700646194 7.117499713
51.0700646194 7.117499713
51.0700660003 7.11750730737
51.0700660003 7.11750730737
51.0700671428 7.11750927763
51.0700671428 7.11750927763
51.0700675657 7.11752018258
51.0700675657 7.11752018258
51.0700680933 7.11752529004
51.0700680933 7.11752529004
51.0700680933 7.11752529004
51.0700680933 7.11752529004
51.0700680933 7.11752529004
51.07006852 7.11752496121
51.07006852 7.11752496121
51.07006852 7.11752496121
51.0700690531 7.11752455033
51.0700690531 7.11752455033
51.0700690531 7.11752455033
51.0700692663 7.11752438603
51.0700692663 7.11752438603
51.0700692663 7.11752438603
51.0700707576 7.11752323664
51.0700707576 7.11752323664
51.0700707576 7.11752323664
51.0700709705 7.11752307255
51.0700709705 7.11752307255
51.0700709705 7.11752307255
51.0700720034 7.11752772464
51.0700720034 7.11752772464
51.0700720034 7.11752772464
51.070064526 7.1175869909
51.070064526 7.1175869909
51.0700647269 7.11758683609
51.0700647269 7.11758683609
51.0700653293 7.11758637178
51.0700653293 7.11758637178
51.0700651285 7.11758652653
51.0700651285 7.11758652653
51.0700651813 7.11758887626
51.0700651813 7.11758887626
51.0700653293 7.11758637178
51.0700653293 7.11758637178
51.0700664824 7.11758787352
51.0700688944 7.1175977681
51.0700692719 7.11760208791
51.0700690345 7.11759997184
51.0700714262 7.11760042751
51.0700714262 7.11760042751
51.0700699578 7.11760155929
51.0700696639 7.11760178581
51.0700702516 7.11760133283
51.0700703495 7.11760125736
51.0700695659 7.11760186133
51.0700691739 7.11760216345
51.0700709118 7.11760538423
51.0700707779 7.11760321358
51.0700715933 7.11760485902
51.0700707654 7.11759632606
51.0700709507 7.11758917049
51.0700713473 7.11758886483
51.0700715808 7.11759103545
51.0700713473 7.11758886483
51.0700735965 7.1176078256
51.0700750457 7.11760670867
51.0700772644 7.11760499866
51.0700773608 7.11760492438
51.070076056 7.11761039164
51.0700784694 7.11761074433
51.0700783902 7.11761300616
51.0700754232 7.11755897292
51.0700751111 7.11754906092
51.0700759566 7.11756106353
51.0700759566 7.11756106353
51.0700749333 7.11755175822
51.0700746995 7.11754937818
51.070074361 7.11754706379
51.0700742877 7.11754969553
51.070074463 7.1175647021
51.0700728454 7.11755080712
51.0700794896 7.11763560671
51.0700794896 7.11763560671
51.0700750769 7.11757403763
51.0700732902 7.11755302457
51.0700732577 7.11755048939
51.0700748262 7.11752283306
51.0700717537 7.11752520113
51.0700720719 7.11752495589
51.0700688924 7.11750220993
51.0700684559 7.11750254629
51.0700682377 7.11750271451
51.0700681285 7.11750279863
51.0700690014 7.11750212586
51.0700676402 7.11750028888
51.0700679687 7.11750003571
51.0700714015 7.11755191998
51.0700708461 7.11754977285
51.0700706625 7.11754471851
51.0700718508 7.117554134
51.0700718508 7.117554134
51.0700718508 7.117554134
51.0700718508 7.117554134
51.0700717479 7.11755421329
51.0700717479 7.11755421329
51.0700705127 7.11755516531
51.0700702248 7.1175502517
51.0700693405 7.11753516035
51.0700695513 7.11753499792
51.0700706455 7.11753682239
51.0700705405 7.1175369033
51.0700709604 7.11753657968
51.0700715233 7.11753879778
51.0700712752 7.11753633702
51.0700699924 7.11752927456
51.0700732525 7.11755812982
51.0700904596 7.11749695636
51.0700904596 7.11749695636
51.0700873011 7.11748802185
51.0700873011 7.11748802185
51.0700849497 7.11755661969
51.0700849497 7.11755661969
51.0700954346 7.1176737086
51.0700955804 7.11767540619
51.0700957255 7.11767709548
51.0700956402 7.11767716124
51.0700957848 7.11767884213
51.0700958437 7.11768058029
51.0700958437 7.11768058029
51.0700960453 7.11768396624
51.0700961876 7.11768561446
51.0700964132 7.11768718991
51.0700960767 7.11768744923
51.0700962182 7.11768908115
51.0700961915 7.11769083431
51.0700958307 7.11769283673
51.0700955547 7.11769476549
51.0700894389 7.11759561554
51.0700894389 7.11759561554
51.070089605 7.11759994913
51.070089605 7.11759994913
51.0700900523 7.11760401793
51.0700900523 7.11760401793
51.0700908698 7.117607754
51.0700908698 7.117607754
51.0700937998 7.1177029012
51.0700978876 7.11769296752
51.0700978876 7.11769296752
51.070096319 7.11767120809
51.070096319 7.11767120809
51.0700870447 7.1175599373
51.0700870447 7.1175599373
51.0700870447 7.1175599373
51.0700968341 7.11767624108
51.0700968341 7.11767624108
51.0700968341 7.11767624108
51.0700968341 7.11767624108
51.0700955272 7.11766071423
51.0700955272 7.11766071423
51.0700935322 7.1176370127
51.0700935322 7.1176370127
51.0700957014 7.11766057991
51.0700957014 7.11766057991
51.0700956051 7.11765497632
51.0700956051 7.11765497632
51.0700958757 7.11766044561
51.0700958757 7.11766044561
51.0700957014 7.11766057991
51.0700957014 7.11766057991
51.0700964603 7.11766743446
51.0700964603 7.11766743446
51.0700970334 7.11767428636
51.0700970334 7.11767428636
51.0700977949 7.11767907647
51.0700977949 7.11767907647
51.0700962241 7.11766017708
51.0700962241 7.11766017708
51.0700964573 7.11766187108
51.0700964573 7.11766187108
51.0700962836 7.11766200499
51.0700962836 7.11766200499
51.0700973453 7.11767584709
51.0700973453 7.11767584709
51.0700957097 7.11766616689
51.0700955974 7.11766809953
51.0700957438 7.11766982353
51.0700953993 7.11767008907
51.0700946237 7.11767068687
51.0700946237 7.11767068687
51.0700944512 7.11767081978
51.07009402 7.11767115216
51.070094365 7.11767088624
